============================================================
Program for calculation of partial differential equations.  
============================================================
(c) Dr. Thomas Ludwig, TU München.
    Thomas A. Zochler, TU München.
    Andreas C. Schmidt, TU München.
============================================================

Berechnungszeit:    0.000002 s 
Speicherbedarf:     0.000618 MiB
Berechnungsmethode: Gauß-Seidel
Interlines:         0
Stoerfunktion:      f(x,y) = 0
Terminierung:       Anzahl der Iterationen
Anzahl Iterationen: 5
Norm des Fehlers:   6.859676e-02

Matrix:
 1.0000 0.8750 0.7500 0.6250 0.5000 0.3750 0.2500 0.1250 0.0000
 0.8750 0.7083 0.5693 0.4538 0.3556 0.2736 0.2106 0.1648 0.1250
 0.7500 0.5693 0.4283 0.3232 0.2469 0.2010 0.1917 0.2150 0.2500
 0.6250 0.4538 0.3232 0.2311 0.1737 0.1577 0.1942 0.2775 0.3750
 0.5000 0.3556 0.2469 0.1737 0.1364 0.1489 0.2281 0.3585 0.5000
 0.3750 0.2736 0.2010 0.1577 0.1489 0.1962 0.3086 0.4641 0.6250
 0.2500 0.2106 0.1917 0.1942 0.2281 0.3086 0.4364 0.5926 0.7500
 0.1250 0.1648 0.2150 0.2775 0.3585 0.4641 0.5926 0.7338 0.8750
 0.0000 0.1250 0.2500 0.3750 0.5000 0.6250 0.7500 0.8750 1.0000
============================================================
Program for calculation of partial differential equations.  
============================================================
(c) Dr. Thomas Ludwig, TU München.
    Thomas A. Zochler, TU München.
    Andreas C. Schmidt, TU München.
============================================================

Berechnungszeit:    0.000154 s 
Speicherbedarf:     0.018318 MiB
Berechnungsmethode: Gauß-Seidel
Interlines:         5
Stoerfunktion:      f(x,y) = 0
Terminierung:       Anzahl der Iterationen
Anzahl Iterationen: 5
Norm des Fehlers:   9.167810e-02

Matrix:
 1.0000 0.8750 0.7500 0.6250 0.5000 0.3750 0.2500 0.1250 0.0000
 0.8750 0.0494 0.0229 0.0191 0.0154 0.0118 0.0081 0.0044 0.1250
 0.7500 0.0229 0.0004 0.0002 0.0001 0.0001 0.0001 0.0000 0.2500
 0.6250 0.0191 0.0002 0.0000 0.0000 0.0000 0.0000 0.0000 0.3750
 0.5000 0.0154 0.0001 0.0000 0.0000 0.0000 0.0000 0.0000 0.5000
 0.3750 0.0118 0.0001 0.0000 0.0000 0.0000 0.0000 0.0000 0.6250
 0.2500 0.0081 0.0001 0.0000 0.0000 0.0000 0.0000 0.0000 0.7500
 0.1250 0.0044 0.0000 0.0000 0.0000 0.0000 0.0000 0.0000 0.8750
 0.0000 0.1250 0.2500 0.3750 0.5000 0.6250 0.7500 0.8750 1.0000
============================================================
Program for calculation of partial differential equations.  
============================================================
(c) Dr. Thomas Ludwig, TU München.
    Thomas A. Zochler, TU München.
    Andreas C. Schmidt, TU München.
============================================================

Berechnungszeit:    0.241743 s 
Speicherbedarf:     0.060432 MiB
Berechnungsmethode: Gauß-Seidel
Interlines:         10
Stoerfunktion:      f(x,y) = 2pi^2*sin(pi*x)sin(pi*y)
Terminierung:       Anzahl der Iterationen
Anzahl Iterationen: 1998
Norm des Fehlers:   9.995439e-05

Matrix:
 0.0000 0.0000 0.0000 0.0000 0.0000 0.0000 0.0000 0.0000 0.0000
 0.0000 0.1345 0.2487 0.3251 0.3521 0.3255 0.2493 0.1350 0.0000
 0.0000 0.2487 0.4598 0.6011 0.6510 0.6018 0.4609 0.2496 0.0000
 0.0000 0.3251 0.6011 0.7858 0.8511 0.7868 0.6025 0.3263 0.0000
 0.0000 0.3521 0.6510 0.8511 0.9217 0.8521 0.6525 0.3533 0.0000
 0.0000 0.3255 0.6018 0.7868 0.8521 0.7877 0.6032 0.3266 0.0000
 0.0000 0.2493 0.4609 0.6025 0.6525 0.6032 0.4619 0.2501 0.0000
 0.0000 0.1350 0.2496 0.3263 0.3533 0.3266 0.2501 0.1355 0.0000
 0.0000 0.0000 0.0000 0.0000 0.0000 0.0000 0.0000 0.0000 0.0000
============================================================
Program for calculation of partial differential equations.  
============================================================
(c) Dr. Thomas Ludwig, TU München.
    Thomas A. Zochler, TU München.
    Andreas C. Schmidt, TU München.
============================================================

Berechnungszeit:    0.106900 s 
Speicherbedarf:     1.276253 MiB
Berechnungsmethode: Gauß-Seidel
Interlines:         50
Stoerfunktion:      f(x,y) = 2pi^2*sin(pi*x)sin(pi*y)
Terminierung:       Anzahl der Iterationen
Anzahl Iterationen: 40
Norm des Fehlers:   5.914929e-05

Matrix:
 0.0000 0.0000 0.0000 0.0000 0.0000 0.0000 0.0000 0.0000 0.0000
 0.0000 0.0003 0.0006 0.0008 0.0009 0.0008 0.0006 0.0003 0.0000
 0.0000 0.0006 0.0012 0.0015 0.0017 0.0015 0.0012 0.0006 0.0000
 0.0000 0.0008 0.0015 0.0020 0.0022 0.0020 0.0016 0.0008 0.0000
 0.0000 0.0009 0.0017 0.0022 0.0024 0.0022 0.0017 0.0009 0.0000
 0.0000 0.0008 0.0015 0.0020 0.0022 0.0020 0.0016 0.0008 0.0000
 0.0000 0.0006 0.0012 0.0016 0.0017 0.0016 0.0012 0.0006 0.0000
 0.0000 0.0003 0.0006 0.0008 0.0009 0.0008 0.0006 0.0004 0.0000
 0.0000 0.0000 0.0000 0.0000 0.0000 0.0000 0.0000 0.0000 0.0000
============================================================
Program for calculation of partial differential equations.  
============================================================
(c) Dr. Thomas Ludwig, TU München.
    Thomas A. Zochler, TU München.
    Andreas C. Schmidt, TU München.
============================================================

Berechnungszeit:    0.000015 s 
Speicherbedarf:     0.001236 MiB
Berechnungsmethode: Jacobi
Interlines:         0
Stoerfunktion:      f(x,y) = 2pi^2*sin(pi*x)sin(pi*y)
Terminierung:       Anzahl der Iterationen
Anzahl Iterationen: 10
Norm des Fehlers:   3.781185e-02

Matrix:
 0.0000 0.0000 0.0000 0.0000 0.0000 0.0000 0.0000 0.0000 0.0000
 0.0000 0.0811 0.1499 0.1959 0.2120 0.1959 0.1499 0.0811 0.0000
 0.0000 0.1499 0.2770 0.3619 0.3918 0.3619 0.2770 0.1499 0.0000
 0.0000 0.1959 0.3619 0.4729 0.5119 0.4729 0.3619 0.1959 0.0000
 0.0000 0.2120 0.3918 0.5119 0.5540 0.5119 0.3918 0.2120 0.0000
 0.0000 0.1959 0.3619 0.4729 0.5119 0.4729 0.3619 0.1959 0.0000
 0.0000 0.1499 0.2770 0.3619 0.3918 0.3619 0.2770 0.1499 0.0000
 0.0000 0.0811 0.1499 0.1959 0.2120 0.1959 0.1499 0.0811 0.0000
 0.0000 0.0000 0.0000 0.0000 0.0000 0.0000 0.0000 0.0000 0.0000
============================================================
Program for calculation of partial differential equations.  
============================================================
(c) Dr. Thomas Ludwig, TU München.
    Thomas A. Zochler, TU München.
    Andreas C. Schmidt, TU München.
============================================================

Berechnungszeit:    0.002936 s 
Speicherbedarf:     0.120865 MiB
Berechnungsmethode: Jacobi
Interlines:         10
Stoerfunktion:      f(x,y) = 2pi^2*sin(pi*x)sin(pi*y)
Terminierung:       Anzahl der Iterationen
Anzahl Iterationen: 30
Norm des Fehlers:   6.255715e-04

Matrix:
 0.0000 0.0000 0.0000 0.0000 0.0000 0.0000 0.0000 0.0000 0.0000
 0.0000 0.0028 0.0051 0.0067 0.0072 0.0067 0.0051 0.0028 0.0000
 0.0000 0.0051 0.0095 0.0124 0.0134 0.0124 0.0095 0.0051 0.0000
 0.0000 0.0067 0.0124 0.0162 0.0175 0.0162 0.0124 0.0067 0.0000
 0.0000 0.0072 0.0134 0.0175 0.0189 0.0175 0.0134 0.0072 0.0000
 0.0000 0.0067 0.0124 0.0162 0.0175 0.0162 0.0124 0.0067 0.0000
 0.0000 0.0051 0.0095 0.0124 0.0134 0.0124 0.0095 0.0051 0.0000
 0.0000 0.0028 0.0051 0.0067 0.0072 0.0067 0.0051 0.0028 0.0000
 0.0000 0.0000 0.0000 0.0000 0.0000 0.0000 0.0000 0.0000 0.0000
