amd4
============================================================
Program for calculation of partial differential equations.  
============================================================
(c) Dr. Thomas Ludwig, TU München.
    Thomas A. Zochler, TU München.
    Andreas C. Schmidt, TU München.
============================================================

Berechnungszeit:    0.034221 s 
Speicherbedarf:     0.004410 MiB
Berechnungsmethode: Jacobi
Interlines:         1
Stoerfunktion:      f(x,y) = 2pi^2*sin(pi*x)sin(pi*y)
Terminierung:       Anzahl der Iterationen
Anzahl Iterationen: 300
Norm des Fehlers:   5.829585e-05

Matrix:
 0.0000 0.0000 0.0000 0.0000 0.0000 0.0000 0.0000 0.0000 0.0000
 0.0000 0.1465 0.2707 0.3536 0.3828 0.3536 0.2707 0.1465 0.0000
 0.0000 0.2707 0.5001 0.6534 0.7073 0.6534 0.5001 0.2707 0.0000
 0.0000 0.3536 0.6534 0.8538 0.9241 0.8538 0.6534 0.3536 0.0000
 0.0000 0.3828 0.7073 0.9241 1.0002 0.9241 0.7073 0.3828 0.0000
 0.0000 0.3536 0.6534 0.8538 0.9241 0.8538 0.6534 0.3536 0.0000
 0.0000 0.2707 0.5001 0.6534 0.7073 0.6534 0.5001 0.2707 0.0000
 0.0000 0.1465 0.2707 0.3536 0.3828 0.3536 0.2707 0.1465 0.0000
 0.0000 0.0000 0.0000 0.0000 0.0000 0.0000 0.0000 0.0000 0.0000
============================================================
Program for calculation of partial differential equations.  
============================================================
(c) Dr. Thomas Ludwig, TU München.
    Thomas A. Zochler, TU München.
    Andreas C. Schmidt, TU München.
============================================================

Berechnungszeit:    0.012962 s 
Speicherbedarf:     0.009537 MiB
Berechnungsmethode: Jacobi
Interlines:         2
Stoerfunktion:      f(x,y) = 2pi^2*sin(pi*x)sin(pi*y)
Terminierung:       Anzahl der Iterationen
Anzahl Iterationen: 300
Norm des Fehlers:   6.563697e-04

Matrix:
 0.0000 0.0000 0.0000 0.0000 0.0000 0.0000 0.0000 0.0000 0.0000
 0.0000 0.1355 0.2504 0.3272 0.3541 0.3272 0.2504 0.1355 0.0000
 0.0000 0.2504 0.4627 0.6045 0.6543 0.6045 0.4627 0.2504 0.0000
 0.0000 0.3272 0.6045 0.7898 0.8549 0.7898 0.6045 0.3272 0.0000
 0.0000 0.3541 0.6543 0.8549 0.9254 0.8549 0.6543 0.3541 0.0000
 0.0000 0.3272 0.6045 0.7898 0.8549 0.7898 0.6045 0.3272 0.0000
 0.0000 0.2504 0.4627 0.6045 0.6543 0.6045 0.4627 0.2504 0.0000
 0.0000 0.1355 0.2504 0.3272 0.3541 0.3272 0.2504 0.1355 0.0000
 0.0000 0.0000 0.0000 0.0000 0.0000 0.0000 0.0000 0.0000 0.0000
============================================================
Program for calculation of partial differential equations.  
============================================================
(c) Dr. Thomas Ludwig, TU München.
    Thomas A. Zochler, TU München.
    Andreas C. Schmidt, TU München.
============================================================

Berechnungszeit:    0.017886 s 
Speicherbedarf:     0.025650 MiB
Berechnungsmethode: Jacobi
Interlines:         4
Stoerfunktion:      f(x,y) = 2pi^2*sin(pi*x)sin(pi*y)
Terminierung:       Anzahl der Iterationen
Anzahl Iterationen: 300
Norm des Fehlers:   1.225278e-03

Matrix:
 0.0000 0.0000 0.0000 0.0000 0.0000 0.0000 0.0000 0.0000 0.0000
 0.0000 0.0885 0.1635 0.2136 0.2312 0.2136 0.1635 0.0885 0.0000
 0.0000 0.1635 0.3021 0.3948 0.4273 0.3948 0.3021 0.1635 0.0000
 0.0000 0.2136 0.3948 0.5158 0.5583 0.5158 0.3948 0.2136 0.0000
 0.0000 0.2312 0.4273 0.5583 0.6043 0.5583 0.4273 0.2312 0.0000
 0.0000 0.2136 0.3948 0.5158 0.5583 0.5158 0.3948 0.2136 0.0000
 0.0000 0.1635 0.3021 0.3948 0.4273 0.3948 0.3021 0.1635 0.0000
 0.0000 0.0885 0.1635 0.2136 0.2312 0.2136 0.1635 0.0885 0.0000
 0.0000 0.0000 0.0000 0.0000 0.0000 0.0000 0.0000 0.0000 0.0000
============================================================
Program for calculation of partial differential equations.  
============================================================
(c) Dr. Thomas Ludwig, TU München.
    Thomas A. Zochler, TU München.
    Andreas C. Schmidt, TU München.
============================================================

Berechnungszeit:    0.025933 s 
Speicherbedarf:     0.081314 MiB
Berechnungsmethode: Jacobi
Interlines:         8
Stoerfunktion:      f(x,y) = 2pi^2*sin(pi*x)sin(pi*y)
Terminierung:       Anzahl der Iterationen
Anzahl Iterationen: 300
Norm des Fehlers:   7.160669e-04

Matrix:
 0.0000 0.0000 0.0000 0.0000 0.0000 0.0000 0.0000 0.0000 0.0000
 0.0000 0.0364 0.0673 0.0879 0.0951 0.0879 0.0673 0.0364 0.0000
 0.0000 0.0673 0.1243 0.1624 0.1757 0.1624 0.1243 0.0673 0.0000
 0.0000 0.0879 0.1624 0.2121 0.2296 0.2121 0.1624 0.0879 0.0000
 0.0000 0.0951 0.1757 0.2296 0.2485 0.2296 0.1757 0.0951 0.0000
 0.0000 0.0879 0.1624 0.2121 0.2296 0.2121 0.1624 0.0879 0.0000
 0.0000 0.0673 0.1243 0.1624 0.1757 0.1624 0.1243 0.0673 0.0000
 0.0000 0.0364 0.0673 0.0879 0.0951 0.0879 0.0673 0.0364 0.0000
 0.0000 0.0000 0.0000 0.0000 0.0000 0.0000 0.0000 0.0000 0.0000
============================================================
Program for calculation of partial differential equations.  
============================================================
(c) Dr. Thomas Ludwig, TU München.
    Thomas A. Zochler, TU München.
    Andreas C. Schmidt, TU München.
============================================================

Berechnungszeit:    0.043658 s 
Speicherbedarf:     0.286392 MiB
Berechnungsmethode: Jacobi
Interlines:         16
Stoerfunktion:      f(x,y) = 2pi^2*sin(pi*x)sin(pi*y)
Terminierung:       Anzahl der Iterationen
Anzahl Iterationen: 300
Norm des Fehlers:   2.463447e-04

Matrix:
 0.0000 0.0000 0.0000 0.0000 0.0000 0.0000 0.0000 0.0000 0.0000
 0.0000 0.0113 0.0208 0.0272 0.0294 0.0272 0.0208 0.0113 0.0000
 0.0000 0.0208 0.0385 0.0503 0.0544 0.0503 0.0385 0.0208 0.0000
 0.0000 0.0272 0.0503 0.0657 0.0711 0.0657 0.0503 0.0272 0.0000
 0.0000 0.0294 0.0544 0.0711 0.0769 0.0711 0.0544 0.0294 0.0000
 0.0000 0.0272 0.0503 0.0657 0.0711 0.0657 0.0503 0.0272 0.0000
 0.0000 0.0208 0.0385 0.0503 0.0544 0.0503 0.0385 0.0208 0.0000
 0.0000 0.0113 0.0208 0.0272 0.0294 0.0272 0.0208 0.0113 0.0000
 0.0000 0.0000 0.0000 0.0000 0.0000 0.0000 0.0000 0.0000 0.0000
============================================================
Program for calculation of partial differential equations.  
============================================================
(c) Dr. Thomas Ludwig, TU München.
    Thomas A. Zochler, TU München.
    Andreas C. Schmidt, TU München.
============================================================

Berechnungszeit:    0.125927 s 
Speicherbedarf:     1.071548 MiB
Berechnungsmethode: Jacobi
Interlines:         32
Stoerfunktion:      f(x,y) = 2pi^2*sin(pi*x)sin(pi*y)
Terminierung:       Anzahl der Iterationen
Anzahl Iterationen: 300
Norm des Fehlers:   6.932141e-05

Matrix:
 0.0000 0.0000 0.0000 0.0000 0.0000 0.0000 0.0000 0.0000 0.0000
 0.0000 0.0031 0.0057 0.0074 0.0080 0.0074 0.0057 0.0031 0.0000
 0.0000 0.0057 0.0105 0.0137 0.0149 0.0137 0.0105 0.0057 0.0000
 0.0000 0.0074 0.0137 0.0179 0.0194 0.0179 0.0137 0.0074 0.0000
 0.0000 0.0080 0.0149 0.0194 0.0210 0.0194 0.0149 0.0080 0.0000
 0.0000 0.0074 0.0137 0.0179 0.0194 0.0179 0.0137 0.0074 0.0000
 0.0000 0.0057 0.0105 0.0137 0.0149 0.0137 0.0105 0.0057 0.0000
 0.0000 0.0031 0.0057 0.0074 0.0080 0.0074 0.0057 0.0031 0.0000
 0.0000 0.0000 0.0000 0.0000 0.0000 0.0000 0.0000 0.0000 0.0000
============================================================
Program for calculation of partial differential equations.  
============================================================
(c) Dr. Thomas Ludwig, TU München.
    Thomas A. Zochler, TU München.
    Andreas C. Schmidt, TU München.
============================================================

Berechnungszeit:    0.478952 s 
Speicherbedarf:     4.141861 MiB
Berechnungsmethode: Jacobi
Interlines:         64
Stoerfunktion:      f(x,y) = 2pi^2*sin(pi*x)sin(pi*y)
Terminierung:       Anzahl der Iterationen
Anzahl Iterationen: 300
Norm des Fehlers:   1.815069e-05

Matrix:
 0.0000 0.0000 0.0000 0.0000 0.0000 0.0000 0.0000 0.0000 0.0000
 0.0000 0.0008 0.0015 0.0019 0.0021 0.0019 0.0015 0.0008 0.0000
 0.0000 0.0015 0.0027 0.0036 0.0039 0.0036 0.0027 0.0015 0.0000
 0.0000 0.0019 0.0036 0.0047 0.0050 0.0047 0.0036 0.0019 0.0000
 0.0000 0.0021 0.0039 0.0050 0.0055 0.0050 0.0039 0.0021 0.0000
 0.0000 0.0019 0.0036 0.0047 0.0050 0.0047 0.0036 0.0019 0.0000
 0.0000 0.0015 0.0027 0.0036 0.0039 0.0036 0.0027 0.0015 0.0000
 0.0000 0.0008 0.0015 0.0019 0.0021 0.0019 0.0015 0.0008 0.0000
 0.0000 0.0000 0.0000 0.0000 0.0000 0.0000 0.0000 0.0000 0.0000
============================================================
Program for calculation of partial differential equations.  
============================================================
(c) Dr. Thomas Ludwig, TU München.
    Thomas A. Zochler, TU München.
    Andreas C. Schmidt, TU München.
============================================================

Berechnungszeit:    1.785180 s 
Speicherbedarf:     16.282486 MiB
Berechnungsmethode: Jacobi
Interlines:         128
Stoerfunktion:      f(x,y) = 2pi^2*sin(pi*x)sin(pi*y)
Terminierung:       Anzahl der Iterationen
Anzahl Iterationen: 300
Norm des Fehlers:   4.627098e-06

Matrix:
 0.0000 0.0000 0.0000 0.0000 0.0000 0.0000 0.0000 0.0000 0.0000
 0.0000 0.0002 0.0004 0.0005 0.0005 0.0005 0.0004 0.0002 0.0000
 0.0000 0.0004 0.0007 0.0009 0.0010 0.0009 0.0007 0.0004 0.0000
 0.0000 0.0005 0.0009 0.0012 0.0013 0.0012 0.0009 0.0005 0.0000
 0.0000 0.0005 0.0010 0.0013 0.0014 0.0013 0.0010 0.0005 0.0000
 0.0000 0.0005 0.0009 0.0012 0.0013 0.0012 0.0009 0.0005 0.0000
 0.0000 0.0004 0.0007 0.0009 0.0010 0.0009 0.0007 0.0004 0.0000
 0.0000 0.0002 0.0004 0.0005 0.0005 0.0005 0.0004 0.0002 0.0000
 0.0000 0.0000 0.0000 0.0000 0.0000 0.0000 0.0000 0.0000 0.0000
============================================================
Program for calculation of partial differential equations.  
============================================================
(c) Dr. Thomas Ludwig, TU München.
    Thomas A. Zochler, TU München.
    Andreas C. Schmidt, TU München.
============================================================

Berechnungszeit:    7.122763 s 
Speicherbedarf:     64.563736 MiB
Berechnungsmethode: Jacobi
Interlines:         256
Stoerfunktion:      f(x,y) = 2pi^2*sin(pi*x)sin(pi*y)
Terminierung:       Anzahl der Iterationen
Anzahl Iterationen: 300
Norm des Fehlers:   1.167003e-06

Matrix:
 0.0000 0.0000 0.0000 0.0000 0.0000 0.0000 0.0000 0.0000 0.0000
 0.0000 0.0001 0.0001 0.0001 0.0001 0.0001 0.0001 0.0001 0.0000
 0.0000 0.0001 0.0002 0.0002 0.0002 0.0002 0.0002 0.0001 0.0000
 0.0000 0.0001 0.0002 0.0003 0.0003 0.0003 0.0002 0.0001 0.0000
 0.0000 0.0001 0.0002 0.0003 0.0004 0.0003 0.0002 0.0001 0.0000
 0.0000 0.0001 0.0002 0.0003 0.0003 0.0003 0.0002 0.0001 0.0000
 0.0000 0.0001 0.0002 0.0002 0.0002 0.0002 0.0002 0.0001 0.0000
 0.0000 0.0001 0.0001 0.0001 0.0001 0.0001 0.0001 0.0001 0.0000
 0.0000 0.0000 0.0000 0.0000 0.0000 0.0000 0.0000 0.0000 0.0000
============================================================
Program for calculation of partial differential equations.  
============================================================
(c) Dr. Thomas Ludwig, TU München.
    Thomas A. Zochler, TU München.
    Andreas C. Schmidt, TU München.
============================================================

Berechnungszeit:    28.092806 s 
Speicherbedarf:     257.126236 MiB
Berechnungsmethode: Jacobi
Interlines:         512
Stoerfunktion:      f(x,y) = 2pi^2*sin(pi*x)sin(pi*y)
Terminierung:       Anzahl der Iterationen
Anzahl Iterationen: 300
Norm des Fehlers:   2.929659e-07

Matrix:
 0.0000 0.0000 0.0000 0.0000 0.0000 0.0000 0.0000 0.0000 0.0000
 0.0000 0.0000 0.0000 0.0000 0.0000 0.0000 0.0000 0.0000 0.0000
 0.0000 0.0000 0.0000 0.0001 0.0001 0.0001 0.0000 0.0000 0.0000
 0.0000 0.0000 0.0001 0.0001 0.0001 0.0001 0.0001 0.0000 0.0000
 0.0000 0.0000 0.0001 0.0001 0.0001 0.0001 0.0001 0.0000 0.0000
 0.0000 0.0000 0.0001 0.0001 0.0001 0.0001 0.0001 0.0000 0.0000
 0.0000 0.0000 0.0000 0.0001 0.0001 0.0001 0.0000 0.0000 0.0000
 0.0000 0.0000 0.0000 0.0000 0.0000 0.0000 0.0000 0.0000 0.0000
 0.0000 0.0000 0.0000 0.0000 0.0000 0.0000 0.0000 0.0000 0.0000
============================================================
Program for calculation of partial differential equations.  
============================================================
(c) Dr. Thomas Ludwig, TU München.
    Thomas A. Zochler, TU München.
    Andreas C. Schmidt, TU München.
============================================================

Berechnungszeit:    112.911252 s 
Speicherbedarf:     1026.251236 MiB
Berechnungsmethode: Jacobi
Interlines:         1024
Stoerfunktion:      f(x,y) = 2pi^2*sin(pi*x)sin(pi*y)
Terminierung:       Anzahl der Iterationen
Anzahl Iterationen: 300
Norm des Fehlers:   7.338926e-08

Matrix:
 0.0000 0.0000 0.0000 0.0000 0.0000 0.0000 0.0000 0.0000 0.0000
 0.0000 0.0000 0.0000 0.0000 0.0000 0.0000 0.0000 0.0000 0.0000
 0.0000 0.0000 0.0000 0.0000 0.0000 0.0000 0.0000 0.0000 0.0000
 0.0000 0.0000 0.0000 0.0000 0.0000 0.0000 0.0000 0.0000 0.0000
 0.0000 0.0000 0.0000 0.0000 0.0000 0.0000 0.0000 0.0000 0.0000
 0.0000 0.0000 0.0000 0.0000 0.0000 0.0000 0.0000 0.0000 0.0000
 0.0000 0.0000 0.0000 0.0000 0.0000 0.0000 0.0000 0.0000 0.0000
 0.0000 0.0000 0.0000 0.0000 0.0000 0.0000 0.0000 0.0000 0.0000
 0.0000 0.0000 0.0000 0.0000 0.0000 0.0000 0.0000 0.0000 0.0000
